0
10
20.1
30.3
40.6
51
61.5
72.1
82.8
93.6
104.5
128.737
160.115
187.735
215.463
242.843
254.114
305.812
361.056
371.431
381.906
392.481
403.157
413.932
424.807
435.782
446.857
469.792
522.079
549.435
560.011
570.688
582.856
593.732
604.708
615.785
626.961
638.237
662.081
698.689
709.642
749.359
808.158
854.632
865.27
876.008
886.846
897.784
909.731
920.869
932.107
943.445
986.719
1015.45
1041.86
1075.83
1086.65
1097.57
1108.59
1119.71
1130.93
1142.25
1153.67
1165.19
1177.86
1233.88
1268.53
1279.64
1316.76
1359.18
1370.18
1381.28
1392.47
1403.77
1415.17
1426.66
1438.26
1449.95
1461.75
1473.65
1486.62
1498.72
1510.91
1523.21
1535.61
1548.1
1560.7
1573.4
1586.19
1638.59
1671.26
1696.95
1708.33
1740.97
1752.28
1763.7
1775.93
1787.55
1799.26
1811.08
