0
10
10.1
10.2
10.3
10.4
10.5
10.6
10.7
10.8
10.9
24.2369
31.3783
27.6197
27.7279
27.3807
11.2708
51.6977
55.2442
10.3751
10.4751
10.5751
10.6751
10.7751
10.8751
10.9751
11.0751
22.9346
52.2876
27.3562
10.5761
10.6761
12.1688
10.8761
10.9761
11.0761
11.1761
11.2761
23.8444
36.6074
10.9537
39.7171
58.7985
46.4737
10.6381
10.7381
10.8381
10.9381
11.9465
11.1381
11.2381
11.3381
43.2742
28.7323
26.4091
33.9655
10.8208
10.9208
11.0208
11.1208
11.2208
11.3209
11.4209
11.5209
12.6658
56.0217
34.649
11.1062
37.1222
42.4269
10.9962
11.0962
11.1962
11.2962
11.3962
11.4962
11.5962
11.6962
11.7962
11.8962
12.975
12.0962
12.1962
12.2962
12.3962
12.4962
12.5962
12.6962
12.7962
52.3958
32.6748
25.6859
11.3777
32.6416
11.3152
11.4152
12.2349
11.6152
11.7152
11.8152
